rqg1
{32, 65, 5, 8, 9, 73, 107, 75, 14, 47, 48, 85, 30, 88, 59, 124, 94} 17
32: 3, 4, 4, 6, 5, 3, 2, 4, 6, 2, 4, 4, 5, 5, 2, 4,
65: 3, 4, 4, 5, 4, 3, 3, 5, 4, 4, 3, 6, 5, 5, 5, 3,
5: 4, 4, 3, 4, 5, 2, 4, 4, 4, 2, 3, 2, 4, 6, 3, 4,
8: 4, 4, 3, 3, 5, 3, 3, 3, 2, 5, 3, 3, 4, 3, 6, 5,
9: 6, 5, 4, 3, 2, 5, 4, 4, 2, 6, 4, 4, 4, 2, 5, 5,
73: 5, 4, 5, 5, 2, 6, 4, 2, 4, 4, 4, 4, 2, 2, 5, 3,
107: 3, 3, 2, 3, 5, 6, 4, 4, 3, 4, 3, 4, 4, 4, 5, 5,
75: 2, 3, 4, 3, 4, 4, 4, 2, 4, 4, 2, 4, 3, 4, 4, 6,
14: 4, 5, 4, 3, 4, 2, 4, 2, 4, 4, 3, 4, 2, 3, 6, 4,
47: 6, 4, 4, 2, 2, 4, 3, 4, 4, 6, 4, 3, 2, 4, 6, 5,
48: 2, 4, 2, 5, 6, 4, 4, 4, 4, 6, 5, 4, 5, 5, 2, 2,
85: 4, 3, 3, 3, 4, 4, 3, 2, 3, 4, 5, 4, 5, 4, 5, 6,
30: 4, 6, 2, 3, 4, 4, 4, 4, 4, 3, 4, 4, 2, 4, 4, 4,
88: 5, 5, 4, 4, 4, 2, 4, 3, 2, 2, 5, 5, 2, 4, 6, 4,
59: 5, 5, 6, 3, 2, 2, 4, 4, 3, 4, 5, 4, 4, 4, 5, 5,
124: 2, 5, 3, 6, 5, 5, 5, 4, 6, 6, 2, 5, 4, 6, 5, 4,
94: 4, 3, 4, 5, 5, 3, 5, 6, 4, 5, 2, 6, 4, 4, 5, 4,
#
rgq2
{4, 14, 21, 25, 30, 32, 37, 47, 51, 56, 60, 62, 63, 64, 69, 76, 95, 99, 121} 19
4: 4, 5, 2, 4, 4, 5, 3, 4, 4, 5, 3, 4, 4, 6, 4, 3, 2, 4,
14: 4, 4, 2, 4, 6, 4, 2, 4, 4, 4, 5, 4, 4, 2, 4, 5, 6, 4,
21: 5, 4, 4, 4, 5, 4, 4, 2, 4, 4, 3, 5, 6, 4, 4, 5, 5, 2,
25: 2, 2, 4, 2, 5, 4, 4, 4, 3, 3, 3, 4, 2, 4, 4, 3, 4, 6,
30: 4, 4, 4, 2, 3, 5, 4, 2, 5, 3, 4, 4, 2, 3, 5, 4, 2, 4,
32: 4, 6, 5, 5, 3, 2, 5, 4, 4, 3, 2, 4, 5, 4, 3, 4, 3, 4,
37: 5, 4, 4, 4, 5, 2, 4, 5, 2, 4, 4, 5, 4, 4, 3, 3, 5, 6,
47: 3, 2, 4, 4, 4, 5, 4, 4, 4, 4, 5, 4, 2, 4, 4, 6, 5, 4,
51: 4, 4, 2, 4, 2, 4, 5, 4, 3, 5, 4, 5, 4, 3, 4, 5, 4, 2,
56: 4, 4, 4, 3, 5, 4, 2, 4, 3, 4, 5, 4, 5, 4, 3, 2, 4, 4,
60: 5, 4, 4, 3, 3, 3, 4, 4, 5, 4, 4, 3, 4, 5, 3, 4, 3, 5,
62: 3, 5, 3, 3, 4, 2, 4, 5, 4, 5, 4, 5, 4, 3, 4, 4, 3, 3,
63: 4, 4, 5, 4, 4, 4, 5, 4, 5, 4, 3, 5, 2, 4, 5, 4, 4, 4,
64: 4, 4, 6, 2, 2, 5, 4, 2, 4, 5, 4, 4, 2, 5, 6, 4, 4, 5,
69: 6, 2, 4, 4, 3, 4, 4, 4, 3, 4, 5, 3, 4, 5, 3, 3, 5, 4,
76: 4, 4, 4, 4, 5, 3, 3, 4, 4, 3, 3, 4, 5, 6, 3, 4, 5, 3,
95: 3, 5, 5, 3, 4, 4, 3, 6, 5, 2, 4, 4, 4, 4, 3, 4, 2, 5,
99: 2, 6, 5, 4, 2, 3, 5, 5, 4, 4, 3, 3, 4, 4, 5, 5, 2, 5,
121: 4, 4, 2, 6, 4, 4, 6, 4, 2, 4, 5, 3, 4, 5, 4, 3, 5, 5,
#
rgq3
65: 5, 3, 5, 4, 3, 4, 5, 3, 5, 4, 5, 4, 4, 5, 4,
35: 5, 3, 3, 2(71), 4, 5, 2(109), 2(15), 4, 4, 4, 4, 5, 4, 5,
36: 3, 3, 5, 3, 3, 3, 3, 4, 4, 5, 3, 5, 3, 3, 4,
6: 5, 3, 5, 3, 2(74), 5, 5, 4, 3, 5, 5, 4, 6, 5, 4,
71: 4, 2(35), 3, 3, 4, 4, 4, 3, 4, 2(85), 4, 4, 5, 5, 6,
74: 3, 4, 3, 2(6), 4, 5, 5, 3, 3, 6, 6, 4, 4, 4, 5,
43: 4, 5, 3, 5, 4, 5, 3, 5, 6, 4, 2(56), 4, 4, 3, 3,
109: 5, 2(35), 3, 5, 4, 5, 3, 4, 4, 4, 4, 3, 5, 5, 4,
15: 3, 2(35), 4, 4, 3, 3, 5, 4, 4, 3, 3, 3, 5, 6, 5,
117: 5, 4, 4, 3, 4, 3, 6, 4, 4, 5, 4, 2(59), 4, 3, 5,
85: 4, 4, 5, 5, 2(71), 6, 4, 4, 3, 5, 4, 4, 5, 3, 4,
56: 5, 4, 3, 5, 4, 6, 2(43), 4, 3, 4, 4, 2(59), 4, 4, 3,
59: 4, 4, 5, 4, 4, 4, 4, 3, 3, 2(117), 4, 2(56), 2(60), 4, 3,
60: 4, 5, 3, 6, 5, 4, 4, 5, 5, 4, 5, 4, 2(59), 2(29), 3,
29: 5, 4, 3, 5, 5, 4, 3, 5, 6, 3, 3, 4, 4, 2(60), 3,
63: 4, 5, 4, 4, 6, 5, 3, 4, 5, 5, 4, 3, 3, 3, 3,
{65, 35, 36, 6, 71, 74, 43, 109, 15, 117, 85, 56, 59, 60, 29, 63} 16

yes 87